TODO: re-run results for KNN, DT, LMeans, SVM

{
    "test_0_f1": 0.922847780756628,
    "test_0_precision": 0.9258816497310222,
    "test_0_recall": 0.919833729216152,
    "test_1_f1": 0.8857363145720895,
    "test_1_precision": 0.8793631353337416,
    "test_1_recall": 0.8922025473749612,
    "test_2_f1": 0.9496045898588928,
    "test_2_precision": 0.9533001245330013,
    "test_2_recall": 0.9459375965400062,
    "test_accuracy": 0.9193811074918566,
    "test_f1": 0.9193962283958701,
    "test_macro_f1": 0.9193962283958701,
    "test_macro_precision": 0.9195149698659216,
    "test_macro_recall": 0.9193246243770398,
    "test_micro_f1": 0.9193811074918566,
    "test_micro_precision": 0.9193811074918566,
    "test_micro_recall": 0.9193811074918566,
    "test_precision": 0.9195149698659216,
    "test_recall": 0.9193246243770398,
    "test_weighted_f1": 0.9195039270734034,
    "test_weighted_precision": 0.9196734356725083,
    "test_weighted_recall": 0.9193811074918566,
}
{
    "test_0_f1": 0.8708487084870848,
    "test_0_precision": 0.844062947067239,
    "test_0_recall": 0.899390243902439,
    "test_1_f1": 0.6666666666666666,
    "test_1_precision": 0.7261410788381742,
    "test_1_recall": 0.6161971830985915,
    "test_accuracy": 0.8138297872340425,
    "test_f1": 0.7687576875768758,
    "test_macro_f1": 0.7687576875768758,
    "test_macro_precision": 0.7851020129527067,
    "test_macro_recall": 0.7577937135005153,
    "test_micro_f1": 0.8138297872340425,
    "test_micro_precision": 0.8138297872340425,
    "test_micro_recall": 0.8138297872340425,
    "test_precision": 0.7851020129527067,
    "test_recall": 0.7577937135005153,
    "test_weighted_f1": 0.8091596660647458,
    "test_weighted_precision": 0.8084354890065427,
    "test_weighted_recall": 0.8138297872340425,
}